     1        0   129600   0.000
     2    12510   129600   0.010
     3    25019   129994   0.020
     4    37528   129994   0.030
     5    50037   130671   0.040
     6    62546   131424   0.050
     7    75055   132258   0.060
     8    87564   133035   0.070
     9   100073   133769   0.080
    10   112582   134463   0.090
    11   125091   135196   0.100
    12   137600   136007   0.110
    13   150109   136007   0.120
    14   162618   136807   0.130
    15   175127   137611   0.140
    16   187636   138446   0.150
    17   200145   139281   0.160
    18   212654   140129   0.170
    19   225163   140129   0.180
    20   237672   140938   0.190
    21   250181   141785   0.200
    22   262690   142649   0.210
    23   275199   143505   0.220
    24   287708   143505   0.230
    25   300217   144369   0.240
    26   312726   145194   0.250
    27   325235   146040   0.260
    28   337744   146903   0.270
    29   350253   146903   0.280
    30   362762   147748   0.290
    31   375271   148615   0.300
    32   387780   149505   0.310
    33   400289   150385   0.320
    34   412798   151269   0.330
    35   425307   152150   0.340
    36   437816   152150   0.350
    37   450325   152993   0.360
    38   462834   153847   0.370
    39   475343   154744   0.380
    40   487852   155622   0.390
    41   500361   156497   0.400
    42   512870   157354   0.410
    43   525379   157354   0.420
    44   537888   158211   0.430
    45   550397   159050   0.440
    46   562906   159909   0.450
    47   575415   160754   0.460
    48   587924   161598   0.470
    49   600433   162459   0.480
    50   612942   163306   0.490
    51   625451   163306   0.500
    52   637960   164122   0.510
    53   650469   165000   0.520
    54   662978   165865   0.530
    55   675487   166742   0.540
    56   687996   167607   0.550
    57   700505   168453   0.560
    58   713014   168453   0.570
    59   725523   169345   0.580
    60   738032   170230   0.590
    61   750541   171108   0.600
    62   763050   172002   0.610
    63   775559   172890   0.620
    64   788068   173762   0.630
    65   800577   173762   0.640
    66   813086   174642   0.650
    67   825595   175537   0.660
    68   838104   176433   0.670
    69   850613   177321   0.680
    70   863122   178180   0.690
    71   875631   179084   0.700
    72   888140   179084   0.710
    73   900649   179933   0.720
    74   913158   180820   0.730
    75   925667   181677   0.740
    76   938176   182517   0.750
    77   950685   183389   0.760
    78   963194   184225   0.770
    79   975703   185089   0.780
    80   988212   185089   0.790
    81  1000721   185984   0.800
    82  1013230   186848   0.810
    83  1025739   187705   0.820
    84  1038248   188571   0.830
    85  1050757   189473   0.840
    86  1063266   190316   0.850
    87  1075775   190316   0.860
    88  1088284   191220   0.870
    89  1100793   192151   0.880
    90  1113302   193039   0.890
    91  1125811   193901   0.900
    92  1138320   194764   0.910
    93  1150829   195647   0.920
    94  1163338   195647   0.930
    95  1175847   196500   0.940
    96  1188356   197405   0.950
    97  1200865   198307   0.960
    98  1213374   199194   0.970
    99  1225883   200073   0.980
   100  1238392   200981   0.990
   101  1250901   200981   1.000
   102  1263410   201876   1.010
   103  1275919   202810   1.020
   104  1288428   203743   1.030
   105  1300937   204618   1.040
   106  1313446   204618   1.050
   107  1325955   205470   1.060
   108  1338464   206362   1.070
   109  1350973   207335   1.080
   110  1363482   208326   1.090
   111  1375991   209280   1.100
   112  1388500   210232   1.110
   113  1401009   210232   1.120
   114  1413518   211147   1.130
   115  1426027   212036   1.140
   116  1438536   212998   1.150
   117  1451045   213852   1.160
   118  1463554   214793   1.170
   119  1476063   214793   1.180
   120  1488572   215719   1.190
   121  1501081   216628   1.200
   122  1513590   217508   1.210
   123  1526099   218465   1.220
   124  1538608   219463   1.230
   125  1551117   219463   1.240
   126  1563626   220433   1.250
   127  1576135   221402   1.260
   128  1588644   222392   1.270
   129  1601153   223336   1.280
   130  1613662   224283   1.290
   131  1626171   225254   1.300
   132  1638680   226205   1.310
   133  1651189   226205   1.320
   134  1663698   227108   1.330
   135  1676207   227986   1.340
   136  1688716   228910   1.350
   137  1701225   229799   1.360
   138  1713734   229799   1.370
   139  1726243   230694   1.380
   140  1738752   231627   1.390
   141  1751261   232529   1.400
   142  1763770   233398   1.410
   143  1776279   234380   1.420
   144  1788788   234380   1.430
   145  1801297   235370   1.440
   146  1813806   236255   1.450
   147  1826315   237172   1.460
   148  1838824   238172   1.470
   149  1851333   239189   1.480
   150  1863842   240164   1.490
   151  1876351   240164   1.500
   152  1888860   241057   1.510
   153  1901369   242045   1.520
   154  1913878   243044   1.530
   155  1926387   243974   1.540
   156  1938896   244931   1.550
   157  1951405   245834   1.560
   158  1963914   245834   1.570
   159  1976423   246750   1.580
   160  1988932   247697   1.590
   161  2001441   248546   1.600
   162  2013950   249419   1.610
   163  2026459   249419   1.620
   164  2038968   250333   1.630
   165  2051477   251254   1.640
   166  2063986   252254   1.650
   167  2076495   253274   1.660
   168  2089004   254163   1.670
   169  2101513   254163   1.680
   170  2114022   255064   1.690
   171  2126531   255986   1.700
   172  2139040   256941   1.710
   173  2151549   257870   1.720
   174  2164058   258890   1.730
   175  2176567   258890   1.740
   176  2189076   259898   1.750
   177  2201585   260900   1.760
   178  2214094   261750   1.770
   179  2226603   262626   1.780
   180  2239112   263622   1.790
   181  2251621   263622   1.800
   182  2264130   264586   1.810
   183  2276639   265581   1.820
   184  2289148   266560   1.830
   185  2301657   267496   1.840
   186  2314166   268538   1.850
   187  2326675   268538   1.860
   188  2339184   269560   1.870
   189  2351693   270593   1.880
   190  2364202   271546   1.890
   191  2376711   272543   1.900
   192  2389220   273529   1.910
   193  2401729   274519   1.920
   194  2414238   275498   1.930
   195  2426747   275498   1.940
   196  2439256   276369   1.950
   197  2451765   277245   1.960
   198  2464274   278160   1.970
   199  2476783   279119   1.980
   200  2489292   280049   1.990
   201  2501801   280049   2.000
   202  2514310   281019   2.010
   203  2526819   282029   2.020
   204  2539328   282970   2.030
   205  2551837   283907   2.040
   206  2564346   284766   2.050
   207  2576855   284766   2.060
   208  2589364   285733   2.070
   209  2601873   286722   2.080
   210  2614382   287699   2.090
   211  2626891   288685   2.100
   212  2639400   289656   2.110
   213  2651909   290606   2.120
   214  2664418   291541   2.130
   215  2676927   291541   2.140
   216  2689436   292503   2.150
   217  2701945   293457   2.160
   218  2714454   294408   2.170
   219  2726963   295386   2.180
   220  2739472   296308   2.190
   221  2751981   297242   2.200
   222  2764490   298186   2.210
   223  2776999   298186   2.220
   224  2789508   299120   2.230
   225  2802017   300048   2.240
   226  2814526   300998   2.250
   227  2827035   301957   2.260
   228  2839544   302876   2.270
   229  2852053   303768   2.280
   230  2864562   303768   2.290
   231  2877071   304693   2.300
   232  2889580   305588   2.310
   233  2902089   306532   2.320
   234  2914598   307508   2.330
   235  2927107   308493   2.340
   236  2939616   308493   2.350
   237  2952125   309471   2.360
   238  2964634   310355   2.370
   239  2977143   311248   2.380
   240  2989652   312137   2.390
   241  3002161   313081   2.400
   242  3014670   313081   2.410
   243  3027179   313984   2.420
   244  3039688   314901   2.430
   245  3052197   315796   2.440
   246  3064706   316714   2.450
   247  3077215   316714   2.460
   248  3089724   317653   2.470
   249  3102233   318553   2.480
   250  3114742   319496   2.490
   251  3127251   320378   2.500
   252  3139760   320378   2.510
   253  3152269   321371   2.520
   254  3164778   322268   2.530
   255  3177287   323190   2.540
   256  3189796   324116   2.550
   257  3202305   324116   2.560
   258  3214814   325138   2.570
   259  3227323   326232   2.580
   260  3239832   327324   2.590
   261  3252341   328260   2.600
   262  3264850   329137   2.610
   263  3277359   329137   2.620
   264  3289868   330091   2.630
   265  3302377   331030   2.640
   266  3314886   332035   2.650
   267  3327395   332035   2.660
   268  3339904   332919   2.670
   269  3352413   333861   2.680
   270  3364922   334806   2.690
   271  3377431   335854   2.700
   272  3389940   336936   2.710
   273  3402449   337998   2.720
   274  3414958   339042   2.730
   275  3427467   339042   2.740
   276  3439976   340099   2.750
   277  3452485   341089   2.760
   278  3464994   342073   2.770
   279  3477503   342979   2.780
   280  3490012   343940   2.790
   281  3502521   344934   2.800
   282  3515030   344934   2.810
   283  3527539   345826   2.820
   284  3540048   346792   2.830
   285  3552557   347770   2.840
   286  3565066   348742   2.850
   287  3577575   349713   2.860
   288  3590084   350592   2.870
   289  3602593   350592   2.880
   290  3615102   351525   2.890
   291  3627611   352531   2.900
   292  3640120   353471   2.910
   293  3652629   354398   2.920
   294  3665138   355367   2.930
   295  3677647   355367   2.940
   296  3690156   356295   2.950
   297  3702665   357250   2.960
   298  3715174   358208   2.970
   299  3727683   359092   2.980
   300  3740192   359972   2.990
   301  3752701   359972   3.000
